910
-143
-42
226
-406
896
-520
53
-61
41
30
919
813
-163
448
-406
857
-496
-707
82
-922
-717
-859
634
490
195
20
773
-261
64
16
311
455
-884
610
-727
-914
-254
-718
-461
-922
-945
351
-292
-408
-264
-296
74
-407
349
-589
620
203
382
-957
353
760
-224
486
750
-421
-639
-57
241
-105
791
-590
872
-849
153
-967
575
706
547
783
-590
-242
-489
-24
-621
875
866
-798
752
988
-87
-67
740
-497
-873
517
319
190
921
-49
-448
267
-5
-665
-195
271
41
81
928
-29
-374
538
-649
-991
508
652
245
-191
-452
-407
-922
-56
-600
211
878
-17
717
-742
-868
745
-694
615
-564
214
879
-993
-757
-259
259
-835
-545
413
-461
-617
-170
754
-498
731
-598
166
-106
961
-30
-955
-698
112
710
512
-550
682
-401
-966
758
-290
-176
-405
519
500
438
357
-656
-209
-365
105
486
-594
-29
128
75
-863
968
323
458
278
-114
-533
600
662
246
-854
668
909
275
829
191
519
-65
744
462
820
-953
912
12
618
631
-461
-340
-686
-392
-510
674
555
-790
-953
550
-94
-800
515
84
-159
380
-992
471
-946
-739
687
-751
755
611
-52
-839
-173
-453
-312
951
-177
263
-918
-80
224
904
855
-567
594
639
-187
183
385
671
125
-219
229
-759
-760
546
308
597
936
-829
938
-920
330
-833
346
315
-563
-712
618
9
-939
964
-990
690
405
-568
-386
-21
836
-730
903
-224
-785
-618
28
718
641
644
-808
-371
198
82
935
-261
-453
-672
-400
-980
923
868
-602
193
-428
-114
86
256
-904
-455
376
-15
-565
-238
605
106
-821
-183
444
-711
-848
-891
-437
965
-710
-423
-840
496
-170
774
583
294
664
968
-746
-881
-518
-237
342
540
-962
265
942
-219
-174
390
-961
-84
303
518
-114
-178
-26
-721
37
-904
780
967
-877
-909
939
101
815
141
-134
-864
-334
651
-57
71
-113
440
-897
-406
-291
-701
554
390
-629
219
-834
-767
-689
615
413
-851
-532
407
-808
-305
282
-777
125
-115
877
-195
956
-614
-596
331
847
12
-190
287
-412
-298
-692
515
599
864
812
-130
-857
-78
712
811
-773
-18
-203
-222
621
-997
-681
564
-200
494
-554
-429
278
-946
882
-223
-268
126
725
34
-417
811
267
-497
779
225
-403
-236
-322
936
-593
-214
196
399
-344
917
-406
159
-795
-592
-133
947
969
-262
814
-70
549
477
756
-119
934
-623
-203
-315
-923
111
456
-921
-421
-452
-877
595
861
-851
-622
367
-312
-782
919
342
-471
353
-973
-273
-856
-481
225
-703
517
41
-497
-387
-2
-81
654
110
326
-432
388
157
282
-536
-564
-862
-111
-521
26
-281
-661
-190
-250
518
-661
-331
-963
438
330
-897
513
-284
-129
-200
613
-565
862
873
112
-815
-749
606
254
-475
253
-456
-601
95
-648
355
-453
-774
357
-549
-380
-429
-569
-722
-382
-908
-990
17
-981
834
-308
431
294
-547
637
948
-58
-33
720
544
618
-56
234
877
-951
-89
737
884
362
-689
-520
132
98
-407
-352
426
421
521
-800
-54
-434
868
882
19
749
672
-25
655
-686
251
599
843
300
-26
84
200
-309
-163
-375
846
129
-556
-19
-791
873
209
482
-995
200
-996
-389
961
-557
999
627
-534
563
57
-982
64
489
-618
2
-589
-988
834
-62
-77
-544
-11
-916
-290
337
588
-419
71
-154
798
13
-591
-706
-804
381
173
-29
407
-427
771
-510
-482
-707
767
-266
-767
-538
-345
-57
911
263
-32
660
-168
429
-5
-140
-480
756
-221
338
422
-14
-353
-113
-470
119
-471
33
-258
-974
-387
-25
726
545
750
-943
-332
-481
842
-462
-259
613
-823
373
-45
-480
636
638
83
-429
637
-48
49
671
678
-989
662
95
941
-384
710
242
144
424
-57
-805
-589
930
149
498
-900
731
-452
-731
925
-155
-576
647
-578
-391
773
101
222
-247
-695
771
-870
-347
-366
963
-463
725
-966
597
68
5
-286
250
565
-453
355
242
-688
406
708
857
403
897
676
101
580
395
631
661
717
-818
-181
23
684
-828
78
113
-107
116
942
151
827
-93
321
594
905
520
-154
420
196
-487
332
-553
99
-676
736
835
382
-982
534
509
27
-755
-361
56
-95
-120
-242
-498
115
217
556
-166
578
671
226
-621
209
268
54
-719
431
-102
-531
519
-29
-814
-336
66
-403
712
-368
-230
-158
-769
377
506
852
-348
-550
219
-410
-75
889
681
-20
-293
616
-364
-21
900
377
-71
734
-563
720
-860
-88
-168
-6
-784
-852
3
844
-820
734
-935
-131
352
-331
-221
-426
859
-768
-194
906
-406
630
536
-78
260
-960
752
573
623
-921
-700
-710
585
722
-503
366
46
-629
152
713
406
-768
566
-280
208
-459
302
140
-58
-736
535
519
-592
799
247
554
-628
-375
138
-643
-787
-940
-351
252
169
940
365
-238
300
-529
-335
21
400
-196
521
-245
-30
-343
451
161
27
-128
418
-766
835
133
-180
-228
509
-312
660
412
-43
-5
93
174
345
-563
-683
-1000
428
203
639
-227
-817
233
226
-165
-588
638
-887
6
858
129
64
-614
-733
958
-921
830
-479
934
-211
-333
-386
-692
780
-36
991
-45
-318
-234
-134
-757
70
958
-360
983
-893
632
-776
290
-531
-842
-807
-308
592
-748
305
99
-919
63
458
-358
212
-736
-406
635
-869
-274
140
-769
534
-461
422
-687
348
-971
807
256
161
-201
-720
-926
901
-428
-186
-689
-357
573
-367
-112
516
-429
574
-658
691
-640
270
817
-976
57
429
-518
814
254
-934
-15
-311
754
838
294
966
-402
517
-417
262
962
-126
-993
-92
-961
-444
865
948
-587
474
-103
899
170
342
920
-723
208
127
-929
-265
-341
-101
813
785
654
-396
286
-287
-483
553
-829
-384
-508
610
305
937
339
819
27
-247
-604
-577
-674
31
652
875
-834
968
782
-687
-793
460
-746
-455
350
106
849
973
689
609
-406
11
-23
-761
-791
-182
-810
205
236
19
-978
320
-530
436
-397
274
-801
-321
-524
859
-228
-248
-740
-914
-362
26
403
-534
598
-416
-737
601
982
-885
51
-524
-136
215
915
-13
-454
294
752
-908
741
269
-785
673
614
690
-515
323
286
194
389
-306
-435
544
-850
-823
-132
-196
871
971
69
347
379
214
-308
-555
33
55
689
290
-637
130
-801
-873
-33
-242
-195
-506
-895
470
574
518
902
495
-916
-21
430
499
-949
785
73
-148
872
551
471
-492
354
-318
-10
-110
861
678
-188
403
-592
748
432
-68
-13
293
416
-535
-386
669
-213
-757
-600
-995
634
-328
387
-954
662
489
-449
-690
-794
-161
-286
-560
227
-68
-268
-759
-969
-923
777
740
936
-150
312
-649
310
-90
181
-915
-162
-650
-31
887
595
-662
710
-740
584
-548
-952
245
73
-798
575
697
-775
421
-356
457
863
-844
-569
-177
-28
265
949
-953
802
-572
-794
-885
544
316
761
-928
849
385
643
-5
205
947
989
-311
182
-472
-822
773
123
-632
-793
-366
435
-540
235
-576
439
533
-574
-687
203
-299
336
832
349
256
346
515
352
537
-647
-692
353
-813
281
592
804
616
-688
606
859
172
418
697
905
-942
558
-233
-662
882
193
-93
-744
-134
528
299
263
-425
434
23
248
650
892
-915
964
477
202
-713
-75
-274
487
-943
-777
651
759
866
-89
46
-568
475
161
-190
830
-782
145
-441
-122
910
-908
748
267
-237
-672
684
961
-298
72
-91
659
-420
-879
965
-9
615
-106
859
872
-475
313
-188
548
350
99
-609
669
922
208
-504
405
336
-324
820
846
-464
-973
373
779
830
149
-659
-729
177
749
436
869
863
-152
-670
843
985
-1000
-16
-529
964
-305
-886
-889
-205
-228
854
-856
-949
-297
582
-585
-816
551
70
-589
-765
-1000
470
432
-759
-904
-641
511
696
607
531
-221
-148
-234
125
-305
-545
166
426
798
-467
696
-400
579
-658
676
-714
-918
611
-934
848
-648
594
-332
